<?xml version="1.0"?>
<opencv_storage>
<n_vertices>675</n_vertices>
<corners>
  -1.2325086600000000e+02 4.4539456999999999e+01 -1.2324777600000000e+02
  4.4538162000000000e+01</corners>
<vertex0_gps>
  -1.2325034300000000e+02 4.4539200999999998e+01</vertex0_gps>
<vertex1_gps>
  -1.2324973053159042e+02 4.4539390427172584e+01</vertex1_gps>
<vertex2_gps>
  -1.2324828090196078e+02 4.4538496449204409e+01</vertex2_gps>
<vertex3_gps>
  -1.2325031397385621e+02 4.4538268199510405e+01</vertex3_gps>
<vertex4_gps>
  -1.2324810362527234e+02 4.4538520225214199e+01</vertex4_gps>
<vertex5_gps>
  -1.2324942085838781e+02 4.4538187361077114e+01</vertex5_gps>
<vertex6_gps>
  -1.2324984273202615e+02 4.4538203211750307e+01</vertex6_gps>
<vertex7_gps>
  -1.2324814177342049e+02 4.4538653370869035e+01</vertex7_gps>
<vertex8_gps>
  -1.2324859955119825e+02 4.4539450659730718e+01</vertex8_gps>
<vertex9_gps>
  -1.2325083009586056e+02 4.4538881620563032e+01</vertex9_gps>
<vertex10_gps>
  -1.2324853447494553e+02 4.4538759570379433e+01</vertex10_gps>
<vertex11_gps>
  -1.2324976643572985e+02 4.4538781761321907e+01</vertex11_gps>
<vertex12_gps>
  -1.2324848286274511e+02 4.4539277887392899e+01</vertex12_gps>
<vertex13_gps>
  -1.2324825172984750e+02 4.4538544001223990e+01</vertex13_gps>
<vertex14_gps>
  -1.2324778497603486e+02 4.4538409270501838e+01</vertex14_gps>
<vertex15_gps>
  -1.2325009181699346e+02 4.4538924417380663e+01</vertex15_gps>
<vertex16_gps>
  -1.2325015016122005e+02 4.4538799197062424e+01</vertex16_gps>
<vertex17_gps>
  -1.2324925031372550e+02 4.4538642275397798e+01</vertex17_gps>
<vertex18_gps>
  -1.2324993922440088e+02 4.4539269962056302e+01</vertex18_gps>
<vertex19_gps>
  -1.2325032968191721e+02 4.4538440971848225e+01</vertex19_gps>
<vertex20_gps>
  -1.2325064384313725e+02 4.4539185953488371e+01</vertex20_gps>
<vertex21_gps>
  -1.2324842227450981e+02 4.4538952948592410e+01</vertex21_gps>
<vertex22_gps>
  -1.2324982029193900e+02 4.4538436216646268e+01</vertex22_gps>
<vertex23_gps>
  -1.2324916728540305e+02 4.4538437801713584e+01</vertex23_gps>
<vertex24_gps>
  -1.2324931090196078e+02 4.4538206381884947e+01</vertex24_gps>
<vertex25_gps>
  -1.2324935353812636e+02 4.4538941853121173e+01</vertex25_gps>
<vertex26_gps>
  -1.2325065730718954e+02 4.4538930757649936e+01</vertex26_gps>
<vertex27_gps>
  -1.2324868706753813e+02 4.4538861014687882e+01</vertex27_gps>
<vertex28_gps>
  -1.2324852998692811e+02 4.4538797611995101e+01</vertex28_gps>
<vertex29_gps>
  -1.2324850979084968e+02 4.4538995745410034e+01</vertex29_gps>
<vertex30_gps>
  -1.2324990556427015e+02 4.4539407862913095e+01</vertex30_gps>
<vertex31_gps>
  -1.2325050022657952e+02 4.4538731039167686e+01</vertex31_gps>
<vertex32_gps>
  -1.2324811708932462e+02 4.4539101944920439e+01</vertex32_gps>
<vertex33_gps>
  -1.2324817992156864e+02 4.4538314166462669e+01</vertex33_gps>
<vertex34_gps>
  -1.2324860628322440e+02 4.4538390249694004e+01</vertex34_gps>
<vertex35_gps>
  -1.2324967891938998e+02 4.4538973554467560e+01</vertex35_gps>
<vertex36_gps>
  -1.2324834822222222e+02 4.4538840408812732e+01</vertex36_gps>
<vertex37_gps>
  -1.2324942759041394e+02 4.4539128891064870e+01</vertex37_gps>
<vertex38_gps>
  -1.2324784556427015e+02 4.4538398175030601e+01</vertex38_gps>
<vertex39_gps>
  -1.2324937149019608e+02 4.4539212899632801e+01</vertex39_gps>
<vertex40_gps>
  -1.2324868482352942e+02 4.4539048052631578e+01</vertex40_gps>
<vertex41_gps>
  -1.2324818440958606e+02 4.4538973554467560e+01</vertex41_gps>
<vertex42_gps>
  -1.2325022645751635e+02 4.4538745304773563e+01</vertex42_gps>
<vertex43_gps>
  -1.2324897205664489e+02 4.4538998915544674e+01</vertex43_gps>
<vertex44_gps>
  -1.2324968340740740e+02 4.4539399937576498e+01</vertex44_gps>
<vertex45_gps>
  -1.2324865116339869e+02 4.4538857844553242e+01</vertex45_gps>
<vertex46_gps>
  -1.2324886658823530e+02 4.4538781761321907e+01</vertex46_gps>
<vertex47_gps>
  -1.2324973726361657e+02 4.4538532905752753e+01</vertex47_gps>
<vertex48_gps>
  -1.2324819338562092e+02 4.4539124135862913e+01</vertex48_gps>
<vertex49_gps>
  -1.2324861974727669e+02 4.4539065488372096e+01</vertex49_gps>
<vertex50_gps>
  -1.2324920543355120e+02 4.4539057563035492e+01</vertex50_gps>
<vertex51_gps>
  -1.2324923236165577e+02 4.4539254111383109e+01</vertex51_gps>
<vertex52_gps>
  -1.2324918299346406e+02 4.4538832483476135e+01</vertex52_gps>
<vertex53_gps>
  -1.2324850530283224e+02 4.4539225580171355e+01</vertex53_gps>
<vertex54_gps>
  -1.2325003796078431e+02 4.4538818217870258e+01</vertex54_gps>
<vertex55_gps>
  -1.2325005815686275e+02 4.4539238260709915e+01</vertex55_gps>
<vertex56_gps>
  -1.2324898327668845e+02 4.4538220647490817e+01</vertex56_gps>
<vertex57_gps>
  -1.2324815523747277e+02 4.4538656541003668e+01</vertex57_gps>
<vertex58_gps>
  -1.2324789493246188e+02 4.4538856259485925e+01</vertex58_gps>
<vertex59_gps>
  -1.2324845369063181e+02 4.4538615329253368e+01</vertex59_gps>
<vertex60_gps>
  -1.2325048227450981e+02 4.4538518640146876e+01</vertex60_gps>
<vertex61_gps>
  -1.2325034763398693e+02 4.4538582042839657e+01</vertex61_gps>
<vertex62_gps>
  -1.2324863769934640e+02 4.4539223995104038e+01</vertex62_gps>
<vertex63_gps>
  -1.2324951510675382e+02 4.4539288982864136e+01</vertex63_gps>
<vertex64_gps>
  -1.2325078072766885e+02 4.4539418958384331e+01</vertex64_gps>
<vertex65_gps>
  -1.2325030275381263e+02 4.4538731039167686e+01</vertex65_gps>
<vertex66_gps>
  -1.2324921665359477e+02 4.4539317514075883e+01</vertex66_gps>
<vertex67_gps>
  -1.2325032294989107e+02 4.4539241430844555e+01</vertex67_gps>
<vertex68_gps>
  -1.2324788595642701e+02 4.4539181198286414e+01</vertex68_gps>
<vertex69_gps>
  -1.2324860852723312e+02 4.4538192116279070e+01</vertex69_gps>
<vertex70_gps>
  -1.2324948817864924e+02 4.4538477428396575e+01</vertex70_gps>
<vertex71_gps>
  -1.2325022645751635e+02 4.4538732624235003e+01</vertex71_gps>
<vertex72_gps>
  -1.2325008732897604e+02 4.4538507544675639e+01</vertex72_gps>
<vertex73_gps>
  -1.2325085926797385e+02 4.4539067073439412e+01</vertex73_gps>
<vertex74_gps>
  -1.2324869155555555e+02 4.4539208144430845e+01</vertex74_gps>
<vertex75_gps>
  -1.2324874092374728e+02 4.4538488523867805e+01</vertex75_gps>
<vertex76_gps>
  -1.2324920094553377e+02 4.4539262036719705e+01</vertex76_gps>
<vertex77_gps>
  -1.2324821582570806e+02 4.4539133646266826e+01</vertex77_gps>
<vertex78_gps>
  -1.2324886210021786e+02 4.4538349037943696e+01</vertex78_gps>
<vertex79_gps>
  -1.2324825172984750e+02 4.4538352208078337e+01</vertex79_gps>
<vertex80_gps>
  -1.2324864667538127e+02 4.4538350623011013e+01</vertex80_gps>
<vertex81_gps>
  -1.2324972155555555e+02 4.4539166932680537e+01</vertex81_gps>
<vertex82_gps>
  -1.2324778048801743e+02 4.4539176443084457e+01</vertex82_gps>
<vertex83_gps>
  -1.2324944329847494e+02 4.4538628009791921e+01</vertex83_gps>
<vertex84_gps>
  -1.2324896532461874e+02 4.4538391834761320e+01</vertex84_gps>
<vertex85_gps>
  -1.2325026236165577e+02 4.4539225580171355e+01</vertex85_gps>
<vertex86_gps>
  -1.2324949715468409e+02 4.4538467917992655e+01</vertex86_gps>
<vertex87_gps>
  -1.2324970584749455e+02 4.4539025861689105e+01</vertex87_gps>
<vertex88_gps>
  -1.2324896308061003e+02 4.4539455414932682e+01</vertex88_gps>
<vertex89_gps>
  -1.2325034987799565e+02 4.4538447312117505e+01</vertex89_gps>
<vertex90_gps>
  -1.2324997064052287e+02 4.4538642275397798e+01</vertex90_gps>
<vertex91_gps>
  -1.2324921216557735e+02 4.4539201804161564e+01</vertex91_gps>
<vertex92_gps>
  -1.2324786800435730e+02 4.4538169925336597e+01</vertex92_gps>
<vertex93_gps>
  -1.2325019055337691e+02 4.4539258866585065e+01</vertex93_gps>
<vertex94_gps>
  -1.2324833924618737e+02 4.4538274539779678e+01</vertex94_gps>
<vertex95_gps>
  -1.2324955549891068e+02 4.4538447312117505e+01</vertex95_gps>
<vertex96_gps>
  -1.2324977765577343e+02 4.4538802367197064e+01</vertex96_gps>
<vertex97_gps>
  -1.2325072238344227e+02 4.4538455237454102e+01</vertex97_gps>
<vertex98_gps>
  -1.2324981355991285e+02 4.4538834068543451e+01</vertex98_gps>
