<?xml version="1.0"?>
<opencv_storage>
<n_tasks>70</n_tasks>
<task0>0</task0>
<task1>1</task1>
<task2>2</task2>
<task3>3</task3>
<task4>5</task4>
<task5>7</task5>
<task6>8</task6>
<task7>10</task7>
<task8>12</task8>
<task9>15</task9>
<task10>16</task10>
<task11>17</task11>
<task12>19</task12>
<task13>20</task13>
<task14>21</task14>
<task15>22</task15>
<task16>23</task16>
<task17>24</task17>
<task18>25</task18>
<task19>28</task19>
<task20>29</task20>
<task21>30</task21>
<task22>31</task22>
<task23>32</task23>
<task24>33</task24>
<task25>34</task25>
<task26>35</task26>
<task27>36</task27>
<task28>37</task28>
<task29>39</task29>
<task30>40</task30>
<task31>41</task31>
<task32>44</task32>
<task33>45</task33>
<task34>46</task34>
<task35>48</task35>
<task36>49</task36>
<task37>54</task37>
<task38>55</task38>
<task39>56</task39>
<task40>57</task40>
<task41>58</task41>
<task42>59</task42>
<task43>60</task43>
<task44>61</task44>
<task45>62</task45>
<task46>64</task46>
<task47>65</task47>
<task48>66</task48>
<task49>68</task49>
<task50>69</task50>
<task51>70</task51>
<task52>71</task52>
<task53>72</task53>
<task54>74</task54>
<task55>75</task55>
<task56>77</task56>
<task57>78</task57>
<task58>81</task58>
<task59>82</task59>
<task60>84</task60>
<task61>86</task61>
<task62>87</task62>
<task63>88</task63>
<task64>90</task64>
<task65>92</task65>
<task66>93</task66>
<task67>94</task67>
<task68>95</task68>
<task69>96</task69>
</opencv_storage>
