<?xml version="1.0"?>
<opencv_storage>
<n_tasks>99</n_tasks>
<task0>0</task0>
<task1>1</task1>
<task2>4</task2>
<task3>6</task3>
<task4>7</task4>
<task5>8</task5>
<task6>12</task6>
<task7>13</task7>
<task8>14</task8>
<task9>17</task9>
<task10>18</task10>
<task11>19</task11>
<task12>22</task12>
<task13>24</task13>
<task14>25</task14>
<task15>28</task15>
<task16>30</task16>
<task17>34</task17>
<task18>38</task18>
<task19>39</task19>
<task20>40</task20>
<task21>42</task21>
<task22>43</task22>
<task23>44</task23>
<task24>45</task24>
<task25>48</task25>
<task26>51</task26>
<task27>52</task27>
<task28>55</task28>
<task29>56</task29>
<task30>59</task30>
<task31>60</task31>
<task32>66</task32>
<task33>67</task33>
<task34>69</task34>
<task35>70</task35>
<task36>71</task36>
<task37>72</task37>
<task38>73</task38>
<task39>77</task39>
<task40>78</task40>
<task41>79</task41>
<task42>82</task42>
<task43>84</task43>
<task44>86</task44>
<task45>87</task45>
<task46>88</task46>
<task47>89</task47>
<task48>92</task48>
<task49>96</task49>
<task50>98</task50>
<task51>101</task51>
<task52>102</task52>
<task53>103</task53>
<task54>104</task54>
<task55>105</task55>
<task56>107</task56>
<task57>111</task57>
<task58>112</task58>
<task59>115</task59>
<task60>116</task60>
<task61>120</task61>
<task62>121</task62>
<task63>123</task63>
<task64>124</task64>
<task65>125</task65>
<task66>128</task66>
<task67>131</task67>
<task68>134</task68>
<task69>139</task69>
<task70>143</task70>
<task71>144</task71>
<task72>146</task72>
<task73>147</task73>
<task74>153</task74>
<task75>155</task75>
<task76>157</task76>
<task77>161</task77>
<task78>163</task78>
<task79>166</task79>
<task80>167</task80>
<task81>168</task81>
<task82>171</task82>
<task83>176</task83>
<task84>177</task84>
<task85>179</task85>
<task86>180</task86>
<task87>182</task87>
<task88>183</task88>
<task89>187</task89>
<task90>189</task90>
<task91>191</task91>
<task92>192</task92>
<task93>193</task93>
<task94>196</task94>
<task95>198</task95>
<task96>199</task96>
<task97>201</task97>
<task98>203</task98>
</opencv_storage>
