<?xml version="1.0"?>
<opencv_storage>
<n_tasks>28</n_tasks>
<task0>4</task0>
<task1>6</task1>
<task2>9</task2>
<task3>11</task3>
<task4>13</task4>
<task5>14</task5>
<task6>18</task6>
<task7>26</task7>
<task8>27</task8>
<task9>38</task9>
<task10>42</task10>
<task11>43</task11>
<task12>47</task12>
<task13>50</task13>
<task14>51</task14>
<task15>52</task15>
<task16>53</task16>
<task17>63</task17>
<task18>67</task18>
<task19>73</task19>
<task20>76</task20>
<task21>79</task21>
<task22>80</task22>
<task23>83</task23>
<task24>85</task24>
<task25>89</task25>
<task26>91</task26>
<task27>97</task27>
</opencv_storage>
