<?xml version="1.0"?>
<opencv_storage>
<n_vertices>777</n_vertices>
<corners>
  -1.2325100399999999e+02 4.4539847000000002e+01 -1.2324744600000000e+02
  4.4538552000000003e+01</corners>
<vertex0_gps>
  -1.2325034300000000e+02 4.4539200999999998e+01</vertex0_gps>
<vertex1_gps>
  -1.2325019288262575e+02 4.4538912073170735e+01</vertex1_gps>
<vertex2_gps>
  -1.2324805021262932e+02 4.4539754951219514e+01</vertex2_gps>
<vertex3_gps>
  -1.2324995424402425e+02 4.4538610658536591e+01</vertex3_gps>
<vertex4_gps>
  -1.2324880674777025e+02 4.4539789243902440e+01</vertex4_gps>
<vertex5_gps>
  -1.2324943634748483e+02 4.4539387658536590e+01</vertex5_gps>
<vertex6_gps>
  -1.2325068539207992e+02 4.4539124146341464e+01</vertex6_gps>
<vertex7_gps>
  -1.2324999232465215e+02 4.4538922902439026e+01</vertex7_gps>
<vertex8_gps>
  -1.2324957343774527e+02 4.4539119634146346e+01</vertex8_gps>
<vertex9_gps>
  -1.2324798928362469e+02 4.4538583585365856e+01</vertex9_gps>
<vertex10_gps>
  -1.2325043913735283e+02 4.4539443609756098e+01</vertex10_gps>
<vertex11_gps>
  -1.2324856176239743e+02 4.4539085341463419e+01</vertex11_gps>
<vertex12_gps>
  -1.2324928275561898e+02 4.4538749634146342e+01</vertex12_gps>
<vertex13_gps>
  -1.2324779761113093e+02 4.4539800975609758e+01</vertex13_gps>
<vertex14_gps>
  -1.2324768717731003e+02 4.4539452634146343e+01</vertex14_gps>
<vertex15_gps>
  -1.2325043405993578e+02 4.4539631317073173e+01</vertex15_gps>
<vertex16_gps>
  -1.2325088087263646e+02 4.4538709024390243e+01</vertex16_gps>
<vertex17_gps>
  -1.2324800578523011e+02 4.4539242365853660e+01</vertex17_gps>
<vertex18_gps>
  -1.2325092403068140e+02 4.4539080829268293e+01</vertex18_gps>
<vertex19_gps>
  -1.2324769479343560e+02 4.4538840780487810e+01</vertex19_gps>
<vertex20_gps>
  -1.2324990220049946e+02 4.4539598829268293e+01</vertex20_gps>
<vertex21_gps>
  -1.2324960517160186e+02 4.4538653073170735e+01</vertex21_gps>
<vertex22_gps>
  -1.2324932591366392e+02 4.4539794658536586e+01</vertex22_gps>
<vertex23_gps>
  -1.2324964959900106e+02 4.4538681048780489e+01</vertex23_gps>
<vertex24_gps>
  -1.2324892352836247e+02 4.4538913878048781e+01</vertex24_gps>
<vertex25_gps>
  -1.2324828885123083e+02 4.4539605146341465e+01</vertex25_gps>
<vertex26_gps>
  -1.2324990473920799e+02 4.4539715243902442e+01</vertex26_gps>
<vertex27_gps>
  -1.2324832566250446e+02 4.4538866951219518e+01</vertex27_gps>
<vertex28_gps>
  -1.2325006721655369e+02 4.4538820926829274e+01</vertex28_gps>
<vertex29_gps>
  -1.2324750819835890e+02 4.4539790146341467e+01</vertex29_gps>
<vertex30_gps>
  -1.2324873693328576e+02 4.4539497756097560e+01</vertex30_gps>
<vertex31_gps>
  -1.2324943507813057e+02 4.4539232439024396e+01</vertex31_gps>
<vertex32_gps>
  -1.2324763386443097e+02 4.4538792048780493e+01</vertex32_gps>
<vertex33_gps>
  -1.2324969275704602e+02 4.4539718853658542e+01</vertex33_gps>
<vertex34_gps>
  -1.2324862142204780e+02 4.4538818219512194e+01</vertex34_gps>
<vertex35_gps>
  -1.2325091133713877e+02 4.4539231536585369e+01</vertex35_gps>
<vertex36_gps>
  -1.2324862269140206e+02 4.4539276658536586e+01</vertex36_gps>
<vertex37_gps>
  -1.2324965721512665e+02 4.4539261317073176e+01</vertex37_gps>
<vertex38_gps>
  -1.2324917993792364e+02 4.4538877780487809e+01</vertex38_gps>
<vertex39_gps>
  -1.2324799055297895e+02 4.4539180999999999e+01</vertex39_gps>
<vertex40_gps>
  -1.2324808829325723e+02 4.4539550097560976e+01</vertex40_gps>
<vertex41_gps>
  -1.2325008879557616e+02 4.4539565439024393e+01</vertex41_gps>
<vertex42_gps>
  -1.2324782934498751e+02 4.4539597926829273e+01</vertex42_gps>
<vertex43_gps>
  -1.2324832312379593e+02 4.4538925609756099e+01</vertex43_gps>
<vertex44_gps>
  -1.2324923832821976e+02 4.4539221609756098e+01</vertex44_gps>
<vertex45_gps>
  -1.2324887275419194e+02 4.4539180999999999e+01</vertex45_gps>
<vertex46_gps>
  -1.2324847417695327e+02 4.4538963512195124e+01</vertex46_gps>
<vertex47_gps>
  -1.2324873693328576e+02 4.4539047439024394e+01</vertex47_gps>
<vertex48_gps>
  -1.2325044929218694e+02 4.4539010439024395e+01</vertex48_gps>
<vertex49_gps>
  -1.2324936653300036e+02 4.4539412926829272e+01</vertex49_gps>
<vertex50_gps>
  -1.2324992124081341e+02 4.4539814512195122e+01</vertex50_gps>
<vertex51_gps>
  -1.2324814033678201e+02 4.4539294707317076e+01</vertex51_gps>
<vertex52_gps>
  -1.2324986031180877e+02 4.4538651268292689e+01</vertex52_gps>
<vertex53_gps>
  -1.2324911520085622e+02 4.4539357878048783e+01</vertex53_gps>
<vertex54_gps>
  -1.2324824696254014e+02 4.4538619682926829e+01</vertex54_gps>
<vertex55_gps>
  -1.2324976764894755e+02 4.4538737000000005e+01</vertex55_gps>
<vertex56_gps>
  -1.2324808448519443e+02 4.4539814512195122e+01</vertex56_gps>
<vertex57_gps>
  -1.2324902888476632e+02 4.4538630512195127e+01</vertex57_gps>
<vertex58_gps>
  -1.2325089356617909e+02 4.4538856121951220e+01</vertex58_gps>
<vertex59_gps>
  -1.2324851225758115e+02 4.4539024878048785e+01</vertex59_gps>
<vertex60_gps>
  -1.2324996059079557e+02 4.4538762268292686e+01</vertex60_gps>
<vertex61_gps>
  -1.2325073108883339e+02 4.4539287487804877e+01</vertex61_gps>
<vertex62_gps>
  -1.2324831550767036e+02 4.4538741512195124e+01</vertex62_gps>
<vertex63_gps>
  -1.2324924340563682e+02 4.4539265829268295e+01</vertex63_gps>
<vertex64_gps>
  -1.2325052164537995e+02 4.4539221609756098e+01</vertex64_gps>
<vertex65_gps>
  -1.2325045817766679e+02 4.4538997804878051e+01</vertex65_gps>
<vertex66_gps>
  -1.2324795374170532e+02 4.4539812707317076e+01</vertex66_gps>
<vertex67_gps>
  -1.2325013068426685e+02 4.4539690878048781e+01</vertex67_gps>
<vertex68_gps>
  -1.2324753866286122e+02 4.4539338024390247e+01</vertex68_gps>
<vertex69_gps>
  -1.2324947823617552e+02 4.4539409317073172e+01</vertex69_gps>
<vertex70_gps>
  -1.2324749296610774e+02 4.4539709829268297e+01</vertex70_gps>
<vertex71_gps>
  -1.2325037947770245e+02 4.4539544682926831e+01</vertex71_gps>
<vertex72_gps>
  -1.2324964706029255e+02 4.4538570048780493e+01</vertex72_gps>
<vertex73_gps>
  -1.2324767321441313e+02 4.4539762170731706e+01</vertex73_gps>
<vertex74_gps>
  -1.2324790296753478e+02 4.4539516707317077e+01</vertex74_gps>
<vertex75_gps>
  -1.2324973845379949e+02 4.4538921097560980e+01</vertex75_gps>
<vertex76_gps>
  -1.2324767448376738e+02 4.4539483317073170e+01</vertex76_gps>
<vertex77_gps>
  -1.2325099892258294e+02 4.4539421048780490e+01</vertex77_gps>
<vertex78_gps>
  -1.2324752343061006e+02 4.4538663902439026e+01</vertex78_gps>
<vertex79_gps>
  -1.2325093418551552e+02 4.4539393975609755e+01</vertex79_gps>
<vertex80_gps>
  -1.2324791819978594e+02 4.4538929219512198e+01</vertex80_gps>
<vertex81_gps>
  -1.2324963182804137e+02 4.4539780219512195e+01</vertex81_gps>
<vertex82_gps>
  -1.2324757547413485e+02 4.4538806487804884e+01</vertex82_gps>
<vertex83_gps>
  -1.2324838786086336e+02 4.4539327195121956e+01</vertex83_gps>
<vertex84_gps>
  -1.2324807306100607e+02 4.4539347048780492e+01</vertex84_gps>
<vertex85_gps>
  -1.2324915835890117e+02 4.4539151219512199e+01</vertex85_gps>
<vertex86_gps>
  -1.2324973591509097e+02 4.4538635926829272e+01</vertex86_gps>
<vertex87_gps>
  -1.2325088341134499e+02 4.4539407512195126e+01</vertex87_gps>
<vertex88_gps>
  -1.2324801086264716e+02 4.4539361487804882e+01</vertex88_gps>
<vertex89_gps>
  -1.2324750946771316e+02 4.4539343439024393e+01</vertex89_gps>
<vertex90_gps>
  -1.2325092403068140e+02 4.4539520317073176e+01</vertex90_gps>
<vertex91_gps>
  -1.2324847798501605e+02 4.4539646658536590e+01</vertex91_gps>
<vertex92_gps>
  -1.2324886133000356e+02 4.4538961707317078e+01</vertex92_gps>
<vertex93_gps>
  -1.2324928783303602e+02 4.4538982463414634e+01</vertex93_gps>
<vertex94_gps>
  -1.2324878516874777e+02 4.4538949975609761e+01</vertex94_gps>
<vertex95_gps>
  -1.2325061176953264e+02 4.4539664707317073e+01</vertex95_gps>
<vertex96_gps>
  -1.2324920024759186e+02 4.4538890414634146e+01</vertex96_gps>
<vertex97_gps>
  -1.2325083517588298e+02 4.4539110609756101e+01</vertex97_gps>
<vertex98_gps>
  -1.2324907077345701e+02 4.4539743219512197e+01</vertex98_gps>
