<?xml version="1.0"?>
<opencv_storage>
<n_vertices>305</n_vertices>
<corners>
  -1.2327297400000000e+02 4.4565683000000000e+01 -1.2327045600000000e+02
  4.4564965000000001e+01</corners>
<vertex0_gps>
  -1.2327045600000000e+02 4.4564965000000001e+01</vertex0_gps>
<vertex1_gps>
  -1.2327249045953879e+02 4.4565147313479628e+01</vertex1_gps>
<vertex2_gps>
  -1.2327218534339623e+02 4.4565477428422156e+01</vertex2_gps>
<vertex3_gps>
  -1.2327052884779874e+02 4.4565104548589339e+01</vertex3_gps>
<vertex4_gps>
  -1.2327109157064989e+02 4.4565175823406477e+01</vertex4_gps>
<vertex5_gps>
  -1.2327271850482181e+02 4.4565253850574713e+01</vertex5_gps>
<vertex6_gps>
  -1.2327185488888890e+02 4.4565563708463948e+01</vertex6_gps>
<vertex7_gps>
  -1.2327086141383647e+02 4.4565143562173461e+01</vertex7_gps>
<vertex8_gps>
  -1.2327209243605870e+02 4.4565474427377218e+01</vertex8_gps>
<vertex9_gps>
  -1.2327163001090146e+02 4.4565292864158828e+01</vertex9_gps>
<vertex10_gps>
  -1.2327271322599582e+02 4.4565640985370948e+01</vertex10_gps>
<vertex11_gps>
  -1.2327131961593291e+02 4.4565101547544408e+01</vertex11_gps>
<vertex12_gps>
  -1.2327139246373166e+02 4.4565342381400207e+01</vertex12_gps>
<vertex13_gps>
  -1.2327210088218030e+02 4.4565135309299897e+01</vertex13_gps>
<vertex14_gps>
  -1.2327220117987422e+02 4.4564967250783702e+01</vertex14_gps>
<vertex15_gps>
  -1.2327129850062893e+02 4.4565574212121213e+01</vertex15_gps>
<vertex16_gps>
  -1.2327200903060796e+02 4.4565070786833857e+01</vertex16_gps>
<vertex17_gps>
  -1.2327271428176101e+02 4.4565466174503655e+01</vertex17_gps>
<vertex18_gps>
  -1.2327133756394130e+02 4.4565023520376180e+01</vertex18_gps>
<vertex19_gps>
  -1.2327265832620546e+02 4.4564976253918495e+01</vertex19_gps>
<vertex20_gps>
  -1.2327057741299789e+02 4.4565528446186001e+01</vertex20_gps>
<vertex21_gps>
  -1.2327274595471698e+02 4.4565654490073143e+01</vertex21_gps>
<vertex22_gps>
  -1.2327097015765199e+02 4.4565666494252874e+01</vertex22_gps>
<vertex23_gps>
  -1.2327257703228511e+02 4.4565086542319747e+01</vertex23_gps>
<vertex24_gps>
  -1.2327159833794549e+02 4.4565182575757575e+01</vertex24_gps>
<vertex25_gps>
  -1.2327141463480083e+02 4.4565265104493207e+01</vertex25_gps>
<vertex26_gps>
  -1.2327122565283018e+02 4.4565594469174506e+01</vertex26_gps>
<vertex27_gps>
  -1.2327149381719077e+02 4.4565122554858938e+01</vertex27_gps>
<vertex28_gps>
  -1.2327088358490566e+02 4.4565478178683385e+01</vertex28_gps>
<vertex29_gps>
  -1.2327105039580712e+02 4.4565529946708466e+01</vertex29_gps>
<vertex30_gps>
  -1.2327289692914047e+02 4.4565087292580984e+01</vertex30_gps>
<vertex31_gps>
  -1.2327289270607967e+02 4.4565463923719960e+01</vertex31_gps>
<vertex32_gps>
  -1.2327190345408805e+02 4.4565250849529782e+01</vertex32_gps>
<vertex33_gps>
  -1.2327234793123689e+02 4.4565091794148380e+01</vertex33_gps>
<vertex34_gps>
  -1.2327101238825996e+02 4.4565247098223615e+01</vertex34_gps>
<vertex35_gps>
  -1.2327286947924529e+02 4.4565655240334380e+01</vertex35_gps>
<vertex36_gps>
  -1.2327111268595388e+02 4.4565480429467087e+01</vertex36_gps>
<vertex37_gps>
  -1.2327087302725367e+02 4.4565535948798328e+01</vertex37_gps>
<vertex38_gps>
  -1.2327247145576520e+02 4.4565455670846397e+01</vertex38_gps>
<vertex39_gps>
  -1.2327234370817611e+02 4.4565635733542322e+01</vertex39_gps>
<vertex40_gps>
  -1.2327090364444445e+02 4.4565465424242426e+01</vertex40_gps>
<vertex41_gps>
  -1.2327054468427673e+02 4.4565208084639501e+01</vertex41_gps>
<vertex42_gps>
  -1.2327225819119496e+02 4.4565013766980144e+01</vertex42_gps>
<vertex43_gps>
  -1.2327051301132074e+02 4.4565025020898645e+01</vertex43_gps>
<vertex44_gps>
  -1.2327283147169811e+02 4.4565372391849529e+01</vertex44_gps>
<vertex45_gps>
  -1.2327199319412998e+02 4.4565400151515149e+01</vertex45_gps>
<vertex46_gps>
  -1.2327219590104822e+02 4.4565404653082552e+01</vertex46_gps>
<vertex47_gps>
  -1.2327245034046122e+02 4.4565004013584115e+01</vertex47_gps>
<vertex48_gps>
  -1.2327265515890986e+02 4.4565142061650995e+01</vertex48_gps>
<vertex49_gps>
  -1.2327202169979036e+02 4.4564995760710552e+01</vertex49_gps>
<vertex50_gps>
  -1.2327196680000000e+02 4.4565346132706374e+01</vertex50_gps>
<vertex51_gps>
  -1.2327210827253668e+02 4.4565230592476489e+01</vertex51_gps>
<vertex52_gps>
  -1.2327266993962265e+02 4.4564988258098225e+01</vertex52_gps>
<vertex53_gps>
  -1.2327236060041929e+02 4.4565398650992684e+01</vertex53_gps>
<vertex54_gps>
  -1.2327111163018867e+02 4.4565133808777432e+01</vertex54_gps>
<vertex55_gps>
  -1.2327245878658282e+02 4.4565546452455592e+01</vertex55_gps>
<vertex56_gps>
  -1.2327171130482181e+02 4.4565680749216298e+01</vertex56_gps>
<vertex57_gps>
  -1.2327134284276730e+02 4.4565327376175546e+01</vertex57_gps>
<vertex58_gps>
  -1.2327224024318659e+02 4.4565151064785788e+01</vertex58_gps>
<vertex59_gps>
  -1.2327287686960169e+02 4.4565329626959247e+01</vertex59_gps>
<vertex60_gps>
  -1.2327170285870021e+02 4.4565370891327063e+01</vertex60_gps>
<vertex61_gps>
  -1.2327153076897275e+02 4.4565369390804598e+01</vertex61_gps>
<vertex62_gps>
  -1.2327083185241089e+02 4.4565659741901776e+01</vertex62_gps>
<vertex63_gps>
  -1.2327267838574424e+02 4.4565497685475442e+01</vertex63_gps>
<vertex64_gps>
  -1.2327094059622641e+02 4.4565650738766983e+01</vertex64_gps>
<vertex65_gps>
  -1.2327148748259958e+02 4.4565655240334380e+01</vertex65_gps>
<vertex66_gps>
  -1.2327175353542977e+02 4.4565607223615466e+01</vertex66_gps>
<vertex67_gps>
  -1.2327175247966457e+02 4.4565248598746081e+01</vertex67_gps>
<vertex68_gps>
  -1.2327269105492663e+02 4.4564999512016719e+01</vertex68_gps>
<vertex69_gps>
  -1.2327137873878407e+02 4.4565105298850575e+01</vertex69_gps>
<vertex70_gps>
  -1.2327206604192872e+02 4.4565427911180777e+01</vertex70_gps>
<vertex71_gps>
  -1.2327049823060796e+02 4.4565119553814000e+01</vertex71_gps>
<vertex72_gps>
  -1.2327295394046122e+02 4.4565151815047024e+01</vertex72_gps>
<vertex73_gps>
  -1.2327242711362683e+02 4.4565548703239287e+01</vertex73_gps>
<vertex74_gps>
  -1.2327198052494759e+02 4.4565660492163012e+01</vertex74_gps>
<vertex75_gps>
  -1.2327099549601677e+02 4.4565212586206897e+01</vertex75_gps>
<vertex76_gps>
  -1.2327233526205451e+02 4.4565276358411701e+01</vertex76_gps>
<vertex77_gps>
  -1.2327226241425576e+02 4.4565155566353191e+01</vertex77_gps>
<vertex78_gps>
  -1.2327118658951782e+02 4.4565098546499478e+01</vertex78_gps>
<vertex79_gps>
  -1.2327242077903564e+02 4.4565163819226754e+01</vertex79_gps>
<vertex80_gps>
  -1.2327180210062893e+02 4.4565212586206897e+01</vertex80_gps>
<vertex81_gps>
  -1.2327080123522012e+02 4.4565492433646810e+01</vertex81_gps>
<vertex82_gps>
  -1.2327218534339623e+02 4.4565052780564265e+01</vertex82_gps>
<vertex83_gps>
  -1.2327231203522012e+02 4.4565481179728316e+01</vertex83_gps>
<vertex84_gps>
  -1.2327243344821804e+02 4.4565134559038661e+01</vertex84_gps>
<vertex85_gps>
  -1.2327084029853249e+02 4.4564970251828633e+01</vertex85_gps>
<vertex86_gps>
  -1.2327220857023060e+02 4.4565382145245557e+01</vertex86_gps>
<vertex87_gps>
  -1.2327152443438155e+02 4.4565416657262276e+01</vertex87_gps>
<vertex88_gps>
  -1.2327146320000000e+02 4.4565397900731455e+01</vertex88_gps>
<vertex89_gps>
  -1.2327108629182389e+02 4.4565619978056425e+01</vertex89_gps>
<vertex90_gps>
  -1.2327250312872118e+02 4.4565191578892374e+01</vertex90_gps>
<vertex91_gps>
  -1.2327289376184487e+02 4.4565040776384535e+01</vertex91_gps>
<vertex92_gps>
  -1.2327289059454927e+02 4.4565160067920587e+01</vertex92_gps>
<vertex93_gps>
  -1.2327268683186583e+02 4.4565150314524558e+01</vertex93_gps>
<vertex94_gps>
  -1.2327225819119496e+02 4.4565633482758621e+01</vertex94_gps>
<vertex95_gps>
  -1.2327088569643605e+02 4.4565074538140024e+01</vertex95_gps>
<vertex96_gps>
  -1.2327226347002096e+02 4.4565199831765938e+01</vertex96_gps>
<vertex97_gps>
  -1.2327194990775682e+02 4.4565411405433650e+01</vertex97_gps>
<vertex98_gps>
  -1.2327252424402516e+02 4.4565451169278994e+01</vertex98_gps>
