<?xml version="1.0"?>
<opencv_storage>
<n_tasks>169</n_tasks>
<task0>2</task0>
<task1>3</task1>
<task2>4</task2>
<task3>5</task3>
<task4>7</task4>
<task5>10</task5>
<task6>12</task6>
<task7>13</task7>
<task8>16</task8>
<task9>17</task9>
<task10>19</task10>
<task11>21</task11>
<task12>23</task12>
<task13>25</task13>
<task14>26</task14>
<task15>27</task15>
<task16>28</task16>
<task17>30</task17>
<task18>32</task18>
<task19>34</task19>
<task20>35</task20>
<task21>36</task21>
<task22>37</task22>
<task23>39</task23>
<task24>41</task24>
<task25>43</task25>
<task26>44</task26>
<task27>45</task27>
<task28>47</task28>
<task29>48</task29>
<task30>49</task30>
<task31>50</task31>
<task32>52</task32>
<task33>53</task33>
<task34>55</task34>
<task35>57</task35>
<task36>59</task36>
<task37>62</task37>
<task38>63</task38>
<task39>66</task39>
<task40>67</task40>
<task41>68</task41>
<task42>69</task42>
<task43>70</task43>
<task44>71</task44>
<task45>72</task45>
<task46>73</task46>
<task47>75</task47>
<task48>77</task48>
<task49>78</task49>
<task50>79</task50>
<task51>80</task51>
<task52>82</task52>
<task53>84</task53>
<task54>86</task54>
<task55>87</task55>
<task56>88</task56>
<task57>90</task57>
<task58>93</task58>
<task59>94</task59>
<task60>96</task60>
<task61>99</task61>
<task62>102</task62>
<task63>103</task63>
<task64>105</task64>
<task65>106</task65>
<task66>107</task66>
<task67>108</task67>
<task68>111</task68>
<task69>112</task69>
<task70>113</task70>
<task71>114</task71>
<task72>117</task72>
<task73>118</task73>
<task74>119</task74>
<task75>121</task75>
<task76>122</task76>
<task77>123</task77>
<task78>125</task78>
<task79>128</task79>
<task80>129</task80>
<task81>132</task81>
<task82>133</task82>
<task83>137</task83>
<task84>139</task84>
<task85>140</task85>
<task86>142</task86>
<task87>143</task87>
<task88>144</task88>
<task89>145</task89>
<task90>147</task90>
<task91>149</task91>
<task92>150</task92>
<task93>152</task93>
<task94>156</task94>
<task95>157</task95>
<task96>158</task96>
<task97>159</task97>
<task98>161</task98>
<task99>163</task99>
<task100>167</task100>
<task101>168</task101>
<task102>169</task102>
<task103>171</task103>
<task104>172</task104>
<task105>173</task105>
<task106>174</task106>
<task107>176</task107>
<task108>177</task108>
<task109>178</task109>
<task110>179</task110>
<task111>180</task111>
<task112>181</task112>
<task113>182</task113>
<task114>184</task114>
<task115>185</task115>
<task116>187</task116>
<task117>188</task117>
<task118>189</task118>
<task119>191</task119>
<task120>192</task120>
<task121>193</task121>
<task122>194</task122>
<task123>195</task123>
<task124>196</task124>
<task125>197</task125>
<task126>198</task126>
<task127>199</task127>
<task128>200</task128>
<task129>201</task129>
<task130>202</task130>
<task131>203</task131>
<task132>204</task132>
<task133>205</task133>
<task134>206</task134>
<task135>207</task135>
<task136>208</task136>
<task137>212</task137>
<task138>213</task138>
<task139>214</task139>
<task140>216</task140>
<task141>218</task141>
<task142>219</task142>
<task143>221</task143>
<task144>222</task144>
<task145>223</task145>
<task146>224</task146>
<task147>225</task147>
<task148>226</task148>
<task149>227</task149>
<task150>228</task150>
<task151>229</task151>
<task152>230</task152>
<task153>231</task153>
<task154>233</task154>
<task155>234</task155>
<task156>236</task156>
<task157>237</task157>
<task158>240</task158>
<task159>241</task159>
<task160>242</task160>
<task161>244</task161>
<task162>246</task162>
<task163>247</task163>
<task164>250</task164>
<task165>251</task165>
<task166>252</task166>
<task167>253</task167>
<task168>254</task168>
</opencv_storage>
