<?xml version="1.0"?>
<opencv_storage>
<n_vertices>305</n_vertices>
<corners>
  -1.2327297400000000e+02 4.4565683000000000e+01 -1.2327045600000000e+02
  4.4564965000000001e+01</corners>
<vertex0_gps>
  -1.2327045600000000e+02 4.4564965000000001e+01</vertex0_gps>
<vertex1_gps>
  -1.2327122882012578e+02 4.4565664993730408e+01</vertex1_gps>
<vertex2_gps>
  -1.2327167435303983e+02 4.4565625980146294e+01</vertex2_gps>
<vertex3_gps>
  -1.2327089308679246e+02 4.4565362638453500e+01</vertex3_gps>
<vertex4_gps>
  -1.2327115913962264e+02 4.4565173572622783e+01</vertex4_gps>
<vertex5_gps>
  -1.2327242394633124e+02 4.4565247098223615e+01</vertex5_gps>
<vertex6_gps>
  -1.2327272906247380e+02 4.4565017518286311e+01</vertex6_gps>
<vertex7_gps>
  -1.2327079701215932e+02 4.4565196830721007e+01</vertex7_gps>
<vertex8_gps>
  -1.2327192879245283e+02 4.4565581714733540e+01</vertex8_gps>
<vertex9_gps>
  -1.2327176409308176e+02 4.4565343131661443e+01</vertex9_gps>
<vertex10_gps>
  -1.2327249362683439e+02 4.4565336379310345e+01</vertex10_gps>
<vertex11_gps>
  -1.2327191717903564e+02 4.4565316122257052e+01</vertex11_gps>
<vertex12_gps>
  -1.2327229514297694e+02 4.4565572711598747e+01</vertex12_gps>
<vertex13_gps>
  -1.2327283991781971e+02 4.4565037775339604e+01</vertex13_gps>
<vertex14_gps>
  -1.2327263087631027e+02 4.4565589217345874e+01</vertex14_gps>
<vertex15_gps>
  -1.2327177887379455e+02 4.4565240345872517e+01</vertex15_gps>
<vertex16_gps>
  -1.2327252213249476e+02 4.4565066285266461e+01</vertex16_gps>
<vertex17_gps>
  -1.2327205231698113e+02 4.4565559206896552e+01</vertex17_gps>
<vertex18_gps>
  -1.2327159411488469e+02 4.4565549453500523e+01</vertex18_gps>
<vertex19_gps>
  -1.2327092687127882e+02 4.4565626730407523e+01</vertex19_gps>
<vertex20_gps>
  -1.2327209665911950e+02 4.4565350634273770e+01</vertex20_gps>
<vertex21_gps>
  -1.2327227086037736e+02 4.4565565208986413e+01</vertex21_gps>
<vertex22_gps>
  -1.2327230464486374e+02 4.4565427911180777e+01</vertex22_gps>
<vertex23_gps>
  -1.2327260553794549e+02 4.4565531447230931e+01</vertex23_gps>
<vertex24_gps>
  -1.2327054468427673e+02 4.4565628230929988e+01</vertex24_gps>
<vertex25_gps>
  -1.2327176937190775e+02 4.4565015267502616e+01</vertex25_gps>
<vertex26_gps>
  -1.2327288320419288e+02 4.4565196080459771e+01</vertex26_gps>
<vertex27_gps>
  -1.2327164690314466e+02 4.4565017518286311e+01</vertex27_gps>
<vertex28_gps>
  -1.2327055946498952e+02 4.4565088042842213e+01</vertex28_gps>
<vertex29_gps>
  -1.2327064814926625e+02 4.4565667244514110e+01</vertex29_gps>
<vertex30_gps>
  -1.2327251263060796e+02 4.4565277858934166e+01</vertex30_gps>
<vertex31_gps>
  -1.2327095115387840e+02 4.4565652239289449e+01</vertex31_gps>
<vertex32_gps>
  -1.2327119925870021e+02 4.4565160818181816e+01</vertex32_gps>
<vertex33_gps>
  -1.2327247990188680e+02 4.4565500686520373e+01</vertex33_gps>
<vertex34_gps>
  -1.2327062808972747e+02 4.4565160818181816e+01</vertex34_gps>
<vertex35_gps>
  -1.2327131222557652e+02 4.4565179574712644e+01</vertex35_gps>
<vertex36_gps>
  -1.2327252213249476e+02 4.4565348383490075e+01</vertex36_gps>
<vertex37_gps>
  -1.2327114647044024e+02 4.4565266605015672e+01</vertex37_gps>
<vertex38_gps>
  -1.2327133228511531e+02 4.4565573461859977e+01</vertex38_gps>
<vertex39_gps>
  -1.2327122354129979e+02 4.4565211085684432e+01</vertex39_gps>
<vertex40_gps>
  -1.2327137029266247e+02 4.4565418908045977e+01</vertex40_gps>
<vertex41_gps>
  -1.2327068087798742e+02 4.4565193829676069e+01</vertex41_gps>
<vertex42_gps>
  -1.2327101238825996e+02 4.4565021269592478e+01</vertex42_gps>
<vertex43_gps>
  -1.2327159305911950e+02 4.4565129307210029e+01</vertex43_gps>
<vertex44_gps>
  -1.2327149487295597e+02 4.4565051280041800e+01</vertex44_gps>
<vertex45_gps>
  -1.2327052779203353e+02 4.4565646987460816e+01</vertex45_gps>
<vertex46_gps>
  -1.2327295182893083e+02 4.4565372391849529e+01</vertex46_gps>
<vertex47_gps>
  -1.2327229091991614e+02 4.4565137560083592e+01</vertex47_gps>
<vertex48_gps>
  -1.2327168068763103e+02 4.4565141311389759e+01</vertex48_gps>
<vertex49_gps>
  -1.2327162473207547e+02 4.4565387397074190e+01</vertex49_gps>
<vertex50_gps>
  -1.2327285786582810e+02 4.4565510439916409e+01</vertex50_gps>
<vertex51_gps>
  -1.2327080017945492e+02 4.4565200582027167e+01</vertex51_gps>
<vertex52_gps>
  -1.2327120137023060e+02 4.4565058032392898e+01</vertex52_gps>
<vertex53_gps>
  -1.2327237010230608e+02 4.4565061033437829e+01</vertex53_gps>
<vertex54_gps>
  -1.2327146531153039e+02 4.4565409154649949e+01</vertex54_gps>
<vertex55_gps>
  -1.2327126154884697e+02 4.4565181075235110e+01</vertex55_gps>
<vertex56_gps>
  -1.2327091948092243e+02 4.4565679248693833e+01</vertex56_gps>
<vertex57_gps>
  -1.2327176831614256e+02 4.4565187827586207e+01</vertex57_gps>
<vertex58_gps>
  -1.2327290220796647e+02 4.4565050529780564e+01</vertex58_gps>
<vertex59_gps>
  -1.2327070304905661e+02 4.4565593718913270e+01</vertex59_gps>
<vertex60_gps>
  -1.2327136923689727e+02 4.4565499936259144e+01</vertex60_gps>
<vertex61_gps>
  -1.2327165323773585e+02 4.4565214836990599e+01</vertex61_gps>
<vertex62_gps>
  -1.2327242605786164e+02 4.4565170571577845e+01</vertex62_gps>
<vertex63_gps>
  -1.2327063442431866e+02 4.4565548703239287e+01</vertex63_gps>
<vertex64_gps>
  -1.2327087725031446e+02 4.4565133808777432e+01</vertex64_gps>
<vertex65_gps>
  -1.2327218112033543e+02 4.4565397900731455e+01</vertex65_gps>
<vertex66_gps>
  -1.2327096276729560e+02 4.4565568960292580e+01</vertex66_gps>
<vertex67_gps>
  -1.2327127738532495e+02 4.4565249349007317e+01</vertex67_gps>
<vertex68_gps>
  -1.2327212622054508e+02 4.4565208834900730e+01</vertex68_gps>
<vertex69_gps>
  -1.2327046339035638e+02 4.4565324375130615e+01</vertex69_gps>
<vertex70_gps>
  -1.2327048872872118e+02 4.4565045277951931e+01</vertex70_gps>
<vertex71_gps>
  -1.2327110740712789e+02 4.4565190828631138e+01</vertex71_gps>
<vertex72_gps>
  -1.2327229936603774e+02 4.4565344632183908e+01</vertex72_gps>
<vertex73_gps>
  -1.2327053940545073e+02 4.4565491683385581e+01</vertex73_gps>
<vertex74_gps>
  -1.2327200375178197e+02 4.4565480429467087e+01</vertex74_gps>
<vertex75_gps>
  -1.2327284625241090e+02 4.4565601221525604e+01</vertex75_gps>
<vertex76_gps>
  -1.2327075689308175e+02 4.4565353635318708e+01</vertex76_gps>
<vertex77_gps>
  -1.2327237326960169e+02 4.4565597470219437e+01</vertex77_gps>
<vertex78_gps>
  -1.2327203859203354e+02 4.4565632732497384e+01</vertex78_gps>
<vertex79_gps>
  -1.2327197102306080e+02 4.4565619227795196e+01</vertex79_gps>
<vertex80_gps>
  -1.2327246512117401e+02 4.4565430161964471e+01</vertex80_gps>
<vertex81_gps>
  -1.2327133228511531e+02 4.4565476678160920e+01</vertex81_gps>
<vertex82_gps>
  -1.2327289904067086e+02 4.4565040776384535e+01</vertex82_gps>
<vertex83_gps>
  -1.2327279029685535e+02 4.4565370891327063e+01</vertex83_gps>
<vertex84_gps>
  -1.2327202275555555e+02 4.4565178824451408e+01</vertex84_gps>
<vertex85_gps>
  -1.2327186544654089e+02 4.4565650738766983e+01</vertex85_gps>
<vertex86_gps>
  -1.2327074527966457e+02 4.4565266605015672e+01</vertex86_gps>
<vertex87_gps>
  -1.2327220434716982e+02 4.4565015267502616e+01</vertex87_gps>
<vertex88_gps>
  -1.2327161417442348e+02 4.4565286862068966e+01</vertex88_gps>
<vertex89_gps>
  -1.2327149487295597e+02 4.4565072287356323e+01</vertex89_gps>
<vertex90_gps>
  -1.2327227086037736e+02 4.4565337879832811e+01</vertex90_gps>
<vertex91_gps>
  -1.2327275545660378e+02 4.4565095545454547e+01</vertex91_gps>
<vertex92_gps>
  -1.2327243555974843e+02 4.4565235844305121e+01</vertex92_gps>
<vertex93_gps>
  -1.2327089203102724e+02 4.4565280859979104e+01</vertex93_gps>
<vertex94_gps>
  -1.2327281774675053e+02 4.4565584715778478e+01</vertex94_gps>
<vertex95_gps>
  -1.2327063864737946e+02 4.4565380644723092e+01</vertex95_gps>
<vertex96_gps>
  -1.2327278079496855e+02 4.4565663493207943e+01</vertex96_gps>
<vertex97_gps>
  -1.2327195835387840e+02 4.4565041526645771e+01</vertex97_gps>
<vertex98_gps>
  -1.2327286420041929e+02 4.4565007764890282e+01</vertex98_gps>
