<?xml version="1.0"?>
<opencv_storage>
<n_tasks>108</n_tasks>
<task0>2</task0>
<task1>3</task1>
<task2>5</task2>
<task3>9</task3>
<task4>10</task4>
<task5>11</task5>
<task6>15</task6>
<task7>16</task7>
<task8>20</task8>
<task9>21</task9>
<task10>23</task10>
<task11>26</task11>
<task12>27</task12>
<task13>29</task13>
<task14>31</task14>
<task15>32</task15>
<task16>33</task16>
<task17>35</task17>
<task18>36</task18>
<task19>37</task19>
<task20>41</task20>
<task21>46</task21>
<task22>47</task22>
<task23>49</task23>
<task24>50</task24>
<task25>53</task25>
<task26>54</task26>
<task27>57</task27>
<task28>58</task28>
<task29>61</task29>
<task30>62</task30>
<task31>63</task31>
<task32>64</task32>
<task33>65</task33>
<task34>68</task34>
<task35>74</task35>
<task36>75</task36>
<task37>76</task37>
<task38>80</task38>
<task39>81</task39>
<task40>83</task40>
<task41>85</task41>
<task42>90</task42>
<task43>91</task43>
<task44>93</task44>
<task45>94</task45>
<task46>95</task46>
<task47>97</task47>
<task48>99</task48>
<task49>100</task49>
<task50>106</task50>
<task51>108</task51>
<task52>109</task52>
<task53>110</task53>
<task54>113</task54>
<task55>114</task55>
<task56>117</task56>
<task57>118</task57>
<task58>119</task58>
<task59>122</task59>
<task60>126</task60>
<task61>127</task61>
<task62>129</task62>
<task63>130</task63>
<task64>132</task64>
<task65>133</task65>
<task66>135</task66>
<task67>136</task67>
<task68>137</task68>
<task69>138</task69>
<task70>140</task70>
<task71>141</task71>
<task72>142</task72>
<task73>145</task73>
<task74>148</task74>
<task75>149</task75>
<task76>150</task76>
<task77>151</task77>
<task78>152</task78>
<task79>154</task79>
<task80>156</task80>
<task81>158</task81>
<task82>159</task82>
<task83>160</task83>
<task84>162</task84>
<task85>164</task85>
<task86>165</task86>
<task87>169</task87>
<task88>170</task88>
<task89>172</task89>
<task90>173</task90>
<task91>174</task91>
<task92>175</task92>
<task93>178</task93>
<task94>181</task94>
<task95>184</task95>
<task96>185</task96>
<task97>186</task97>
<task98>188</task98>
<task99>190</task99>
<task100>194</task100>
<task101>195</task101>
<task102>197</task102>
<task103>200</task103>
<task104>202</task104>
<task105>204</task105>
<task106>205</task106>
<task107>206</task107>
</opencv_storage>
