<?xml version="1.0"?>
<opencv_storage>
<n_tasks>87</n_tasks>
<task0>0</task0>
<task1>1</task1>
<task2>6</task2>
<task3>8</task3>
<task4>9</task4>
<task5>11</task5>
<task6>14</task6>
<task7>15</task7>
<task8>18</task8>
<task9>20</task9>
<task10>22</task10>
<task11>24</task11>
<task12>29</task12>
<task13>31</task13>
<task14>33</task14>
<task15>38</task15>
<task16>40</task16>
<task17>42</task17>
<task18>46</task18>
<task19>51</task19>
<task20>54</task20>
<task21>56</task21>
<task22>58</task22>
<task23>60</task23>
<task24>61</task24>
<task25>64</task25>
<task26>65</task26>
<task27>74</task27>
<task28>76</task28>
<task29>81</task29>
<task30>83</task30>
<task31>85</task31>
<task32>89</task32>
<task33>91</task33>
<task34>92</task34>
<task35>95</task35>
<task36>97</task36>
<task37>98</task37>
<task38>100</task38>
<task39>101</task39>
<task40>104</task40>
<task41>109</task41>
<task42>110</task42>
<task43>115</task43>
<task44>116</task44>
<task45>120</task45>
<task46>124</task46>
<task47>126</task47>
<task48>127</task48>
<task49>130</task49>
<task50>131</task50>
<task51>134</task51>
<task52>135</task52>
<task53>136</task53>
<task54>138</task54>
<task55>141</task55>
<task56>146</task56>
<task57>148</task57>
<task58>151</task58>
<task59>153</task59>
<task60>154</task60>
<task61>155</task61>
<task62>160</task62>
<task63>162</task63>
<task64>164</task64>
<task65>165</task65>
<task66>166</task66>
<task67>170</task67>
<task68>175</task68>
<task69>183</task69>
<task70>186</task70>
<task71>190</task71>
<task72>209</task72>
<task73>210</task73>
<task74>211</task74>
<task75>215</task75>
<task76>217</task76>
<task77>220</task77>
<task78>232</task78>
<task79>235</task79>
<task80>238</task80>
<task81>239</task81>
<task82>243</task82>
<task83>245</task83>
<task84>248</task84>
<task85>249</task85>
<task86>255</task86>
</opencv_storage>
